I
1110 Version
1234 device type code
0.150000
0.750000
-0.25000  0.00000
-0.22950  0.20702
-0.13644  0.54679
 0.00237  0.64844
 0.25000  0.53813
 0.75000  0.00000
 0.75000  0.00000
 0.75000  0.00000
 0.75000  0.00000
 0.25000 -0.20412
 0.00552 -0.31546
-0.13486 -0.33912
-0.22476 -0.21688
-0.25000  0.00000
1
5.00000 0.09200 0.23500 -13.50000 15.00000 9.60000 2.29000 1.36000 0.00000 2.10000 0.60000 0.00680 0.35500 0.01600 2.83000 0.40000 0.40000 0.00080 2.00000 -11.00000 11.00000 -0.05000 -0.05000 -0.02500 -0.07500
alpha cl cd cm:
-180.0  0.23500  0.47000  0.05875
-179.0  0.32700  0.49227  0.08389
-178.0  0.41900  0.51438  0.10917
-177.0  0.51100  0.53635  0.13459
-176.0  0.60300  0.55814  0.16012
-175.0  0.69500  0.57977  0.18572
-174.0  0.78700  0.60122  0.21138
-173.0  0.87900  0.62249  0.23708
-172.0  0.97100  0.64357  0.26278
-171.0  1.06300  0.66445  0.28846
-170.0  1.15727  0.68513  0.31467
-169.0  1.23838  0.70560  0.33757
-168.0  1.29707  0.72586  0.35491
-167.0  1.33513  0.74589  0.36718
-166.0  1.35492  0.76570  0.37498
-165.0  1.36000  0.78527  0.37923
-164.0  1.33957  0.80461  0.37736
-163.0  1.27241  0.82370  0.36441
-162.0  1.15476  0.84254  0.33965
-161.0  0.98447  0.86112  0.30280
-160.0  0.76000  0.87944  0.25374
-159.0  0.71228  0.89749  0.24665
-158.0  0.66475  0.91527  0.23980
-157.0  0.61759  0.93277  0.23324
-156.0  0.57100  0.94999  0.22701
-155.0  0.52515  0.96692  0.22115
-154.0  0.48023  0.98355  0.21570
-153.0  0.43641  0.99988  0.21069
-152.0  0.39387  1.01591  0.20618
-151.0  0.35277  1.03163  0.20217
-150.0  0.31328  1.04703  0.19871
-149.0  0.27556  1.06212  0.19581
-148.0  0.23974  1.07688  0.19349
-147.0  0.20598  1.09131  0.19178
-146.0  0.17441  1.10541  0.19068
-145.0  0.14515  1.11918  0.19021
-144.0  0.11831  1.13260  0.19036
-143.0  0.09401  1.14568  0.19114
-142.0  0.07233  1.15841  0.19255
-141.0  0.05337  1.17079  0.19457
-140.0  0.03720  1.18281  0.19720
-139.0  0.02388  1.19447  0.20042
-138.0  0.01346  1.20577  0.20420
-137.0  0.00599  1.21669  0.20854
-136.0  0.00150  1.22725  0.21340
-135.0  0.00000  1.23744  0.21875
-134.0  0.00000  1.24724  0.22430
-133.0  0.00000  1.25667  0.22977
-132.0  0.00000  1.26572  0.23515
-131.0  0.00000  1.27438  0.24045
-130.0  0.00000  1.28265  0.24564
-129.0  0.00000  1.29053  0.25073
-128.0  0.00000  1.29801  0.25571
-127.0  0.00000  1.30511  0.26058
-126.0  0.00000  1.31180  0.26532
-125.0  0.00000  1.31810  0.26993
-124.0  0.00000  1.32399  0.27441
-123.0  0.00000  1.32948  0.27875
-122.0  0.00000  1.33456  0.28294
-121.0  0.00000  1.33924  0.28699
-120.0  0.00000  1.34351  0.29088
-119.0  0.00000  1.34737  0.29461
-118.0  0.00000  1.35082  0.29818
-117.0  0.00000  1.35386  0.30158
-116.0  0.00000  1.35649  0.30480
-115.0  0.00000  1.35870  0.30785
-114.0  0.00000  1.36050  0.31072
-113.0  0.00000  1.36189  0.31341
-112.0  0.00000  1.36286  0.31591
-111.0  0.00000  1.36342  0.31821
-110.0  0.00000  1.36356  0.32033
-109.0  0.00000  1.36328  0.32225
-108.0  0.00000  1.36259  0.32398
-107.0  0.00000  1.36148  0.32550
-106.0  0.00000  1.35996  0.32682
-105.0  0.00000  1.35803  0.32794
-104.0  0.00000  1.35568  0.32885
-103.0  0.00000  1.35292  0.32956
-102.0  0.00000  1.34975  0.33006
-101.0  0.00000  1.34616  0.33036
-100.0  0.00000  1.34217  0.33044
 -99.0  0.00000  1.33777  0.33032
 -98.0  0.00000  1.33295  0.33000
 -97.0  0.00000  1.32774  0.32946
 -96.0  0.00000  1.32212  0.32872
 -95.0  0.00000  1.31609  0.32777
 -94.0  0.00000  1.30967  0.32662
 -93.0  0.00000  1.30284  0.32526
 -92.0  0.00000  1.29562  0.32371
 -91.0  0.00000  1.28801  0.32195
 -90.0  0.00000  1.28000  0.32000
 -89.0 -0.00000  1.28801  0.32195
 -88.0 -0.00000  1.29562  0.32371
 -87.0 -0.00000  1.30284  0.32526
 -86.0 -0.00000  1.30967  0.32662
 -85.0 -0.00000  1.31609  0.32777
 -84.0 -0.00000  1.32212  0.32872
 -83.0 -0.00000  1.32774  0.32946
 -82.0 -0.00000  1.33295  0.33000
 -81.0 -0.00000  1.33777  0.33032
 -80.0 -0.00000  1.34217  0.33044
 -79.0 -0.00000  1.34616  0.33036
 -78.0 -0.00000  1.34975  0.33006
 -77.0 -0.00000  1.35292  0.32956
 -76.0 -0.00000  1.35568  0.32885
 -75.0 -0.00000  1.35803  0.32794
 -74.0 -0.00000  1.35996  0.32682
 -73.0 -0.00000  1.36148  0.32550
 -72.0 -0.00000  1.36259  0.32398
 -71.0 -0.00000  1.36328  0.32225
 -70.0 -0.00000  1.36356  0.32033
 -69.0 -0.00000  1.36342  0.31821
 -68.0 -0.00000  1.36286  0.31591
 -67.0 -0.00000  1.36189  0.31341
 -66.0 -0.00000  1.36050  0.31072
 -65.0 -0.00000  1.35870  0.30785
 -64.0 -0.00000  1.35649  0.30480
 -63.0 -0.00000  1.35386  0.30158
 -62.0 -0.00000  1.35082  0.29818
 -61.0 -0.00000  1.34737  0.29461
 -60.0 -0.00000  1.34351  0.29088
 -59.0 -0.00000  1.33924  0.28699
 -58.0 -0.00000  1.33456  0.28294
 -57.0 -0.00000  1.32948  0.27875
 -56.0 -0.00000  1.32399  0.27441
 -55.0 -0.00000  1.31810  0.26993
 -54.0 -0.00000  1.31180  0.26532
 -53.0 -0.00000  1.30511  0.26058
 -52.0 -0.00000  1.29801  0.25571
 -51.0 -0.00000  1.29053  0.25073
 -50.0 -0.00000  1.28265  0.24564
 -49.0 -0.00000  1.27438  0.24045
 -48.0 -0.00000  1.26572  0.23515
 -47.0 -0.00000  1.25667  0.22977
 -46.0 -0.00000  1.24724  0.22430
 -45.0  0.00000  1.23744  0.21875
 -44.0 -0.00057  1.21971  0.20145
 -43.0 -0.00229  1.19845  0.18437
 -42.0 -0.00514  1.17395  0.16765
 -41.0 -0.00911  1.14645  0.15139
 -40.0 -0.01419  1.11623  0.13567
 -39.0 -0.02036  1.08352  0.12056
 -38.0 -0.02760  1.04859  0.10612
 -37.0 -0.03587  1.01166  0.09237
 -36.0 -0.04514  0.97297  0.07935
 -35.0 -0.05539  0.93274  0.06706
 -34.0 -0.06655  0.89120  0.05549
 -33.0 -0.07860  0.84857  0.04465
 -32.0 -0.09148  0.80503  0.03450
 -31.0 -0.10515  0.76081  0.02502
 -30.0 -0.11954  0.71608  0.01616
 -29.0 -0.13461  0.67105  0.00788
 -28.0 -0.15029  0.62588  0.00012
 -27.0 -0.16652  0.58075 -0.00716
 -26.0 -0.18324  0.53583 -0.01402
 -25.0 -0.20039  0.49127 -0.02054
 -24.0 -0.21788  0.44724 -0.02676
 -23.0 -0.23566  0.40387 -0.03276
 -22.0 -0.25365  0.36130 -0.03859
 -21.0 -0.27179  0.31966 -0.04432
 -20.0 -0.29000  0.27907 -0.05000
 -19.9 -0.30922  0.27508 -0.05000
 -19.8 -0.32811  0.27109 -0.05000
 -19.7 -0.34668  0.26712 -0.05000
 -19.6 -0.36492  0.26316 -0.05000
 -19.5 -0.38283  0.25922 -0.05000
 -19.4 -0.40042  0.25528 -0.05000
 -19.3 -0.41768  0.25136 -0.05000
 -19.2 -0.43462  0.24745 -0.05000
 -19.1 -0.45124  0.24355 -0.05000
 -19.0 -0.46753  0.23966 -0.05000
 -18.9 -0.48350  0.23579 -0.05000
 -18.8 -0.49915  0.23193 -0.05000
 -18.7 -0.51447  0.22808 -0.05000
 -18.6 -0.52948  0.22425 -0.05000
 -18.5 -0.54416  0.22043 -0.05000
 -18.4 -0.55853  0.21662 -0.05000
 -18.3 -0.57258  0.21283 -0.05000
 -18.2 -0.58630  0.20905 -0.05000
 -18.1 -0.59971  0.20528 -0.05000
 -18.0 -0.61281  0.20153 -0.05000
 -17.9 -0.62559  0.19779 -0.05000
 -17.8 -0.63805  0.19407 -0.05000
 -17.7 -0.65020  0.19036 -0.05000
 -17.6 -0.66203  0.18666 -0.05000
 -17.5 -0.67355  0.18298 -0.05000
 -17.4 -0.68476  0.17931 -0.05000
 -17.3 -0.69565  0.17565 -0.05000
 -17.2 -0.70624  0.17201 -0.05000
 -17.1 -0.71651  0.16839 -0.05000
 -17.0 -0.72648  0.16478 -0.05000
 -16.9 -0.73614  0.16118 -0.05000
 -16.8 -0.74549  0.15760 -0.05000
 -16.7 -0.75453  0.15403 -0.05000
 -16.6 -0.76327  0.15048 -0.05000
 -16.5 -0.77170  0.14695 -0.05000
 -16.4 -0.77983  0.14343 -0.05000
 -16.3 -0.78766  0.13992 -0.05000
 -16.2 -0.79518  0.13643 -0.05000
 -16.1 -0.80241  0.13296 -0.05000
 -16.0 -0.80933  0.12950 -0.05000
 -15.9 -0.81596  0.12605 -0.05000
 -15.8 -0.82229  0.12262 -0.05000
 -15.7 -0.82832  0.11921 -0.05000
 -15.6 -0.83406  0.11582 -0.05000
 -15.5 -0.83951  0.11244 -0.05000
 -15.4 -0.84467  0.10907 -0.05000
 -15.3 -0.84953  0.10572 -0.05000
 -15.2 -0.85411  0.10239 -0.05000
 -15.1 -0.85840  0.09907 -0.05000
 -15.0 -0.86241  0.09577 -0.05000
 -14.9 -0.86613  0.09249 -0.05000
 -14.8 -0.86957  0.08922 -0.05000
 -14.7 -0.87273  0.08597 -0.05000
 -14.6 -0.87561  0.08274 -0.05000
 -14.5 -0.87822  0.07952 -0.05000
 -14.4 -0.88056  0.07632 -0.05000
 -14.3 -0.88263  0.07313 -0.05000
 -14.2 -0.88443  0.06997 -0.05000
 -14.1 -0.88597  0.06682 -0.05000
 -14.0 -0.88725  0.06368 -0.05000
 -13.9 -0.88828  0.06057 -0.05000
 -13.8 -0.88906  0.05747 -0.05000
 -13.7 -0.88960  0.05439 -0.05000
 -13.6 -0.88991  0.05132 -0.05000
 -13.5 -0.89000  0.04827 -0.05000
 -13.4 -0.88995  0.04748 -0.05000
 -13.3 -0.88973  0.04671 -0.05000
 -13.2 -0.88932  0.04594 -0.05000
 -13.1 -0.88869  0.04518 -0.05000
 -13.0 -0.88781  0.04443 -0.05000
 -12.9 -0.88667  0.04369 -0.05000
 -12.8 -0.88527  0.04296 -0.05000
 -12.7 -0.88357  0.04224 -0.05000
 -12.6 -0.88158  0.04153 -0.05000
 -12.5 -0.87929  0.04083 -0.05000
 -12.4 -0.87667  0.04013 -0.05000
 -12.3 -0.87374  0.03945 -0.05000
 -12.2 -0.87046  0.03877 -0.05000
 -12.1 -0.86685  0.03811 -0.05000
 -12.0 -0.86289  0.03745 -0.05000
 -11.9 -0.85857  0.03680 -0.05000
 -11.8 -0.85389  0.03617 -0.05000
 -11.7 -0.84884  0.03554 -0.05000
 -11.6 -0.84341  0.03492 -0.05000
 -11.5 -0.83761  0.03430 -0.05000
 -11.4 -0.83141  0.03370 -0.05000
 -11.3 -0.82483  0.03310 -0.05000
 -11.2 -0.81784  0.03252 -0.05000
 -11.1 -0.81046  0.03194 -0.05000
 -11.0 -0.80266  0.03137 -0.05000
 -10.9 -0.79446  0.03081 -0.04989
 -10.8 -0.78583  0.03026 -0.04977
 -10.7 -0.77678  0.02971 -0.04966
 -10.6 -0.76731  0.02918 -0.04955
 -10.5 -0.75741  0.02865 -0.04943
 -10.4 -0.74707  0.02813 -0.04932
 -10.3 -0.73629  0.02762 -0.04920
 -10.2 -0.72506  0.02711 -0.04909
 -10.1 -0.71339  0.02662 -0.04898
 -10.0 -0.70127  0.02613 -0.04886
  -9.9 -0.68870  0.02565 -0.04875
  -9.8 -0.67566  0.02518 -0.04864
  -9.7 -0.66216  0.02471 -0.04852
  -9.6 -0.64820  0.02426 -0.04841
  -9.5 -0.63900  0.02381 -0.04830
  -9.4 -0.62980  0.02337 -0.04818
  -9.3 -0.62060  0.02293 -0.04807
  -9.2 -0.61140  0.02250 -0.04795
  -9.1 -0.60220  0.02209 -0.04784
  -9.0 -0.59300  0.02167 -0.04773
  -8.9 -0.58380  0.02127 -0.04761
  -8.8 -0.57460  0.02087 -0.04750
  -8.7 -0.56540  0.02048 -0.04739
  -8.6 -0.55620  0.02010 -0.04727
  -8.5 -0.54700  0.01972 -0.04716
  -8.4 -0.53780  0.01935 -0.04705
  -8.3 -0.52860  0.01899 -0.04693
  -8.2 -0.51940  0.01863 -0.04682
  -8.1 -0.51020  0.01828 -0.04670
  -8.0 -0.50100  0.01794 -0.04659
  -7.9 -0.49180  0.01761 -0.04648
  -7.8 -0.48260  0.01728 -0.04636
  -7.7 -0.47340  0.01695 -0.04625
  -7.6 -0.46420  0.01664 -0.04614
  -7.5 -0.45500  0.01633 -0.04602
  -7.4 -0.44580  0.01603 -0.04591
  -7.3 -0.43660  0.01573 -0.04580
  -7.2 -0.42740  0.01544 -0.04568
  -7.1 -0.41820  0.01515 -0.04557
  -7.0 -0.40900  0.01488 -0.04545
  -6.9 -0.39980  0.01460 -0.04534
  -6.8 -0.39060  0.01434 -0.04523
  -6.7 -0.38140  0.01408 -0.04511
  -6.6 -0.37220  0.01382 -0.04500
  -6.5 -0.36300  0.01357 -0.04489
  -6.4 -0.35380  0.01333 -0.04477
  -6.3 -0.34460  0.01309 -0.04466
  -6.2 -0.33540  0.01286 -0.04455
  -6.1 -0.32620  0.01264 -0.04443
  -6.0 -0.31700  0.01242 -0.04432
  -5.9 -0.30780  0.01220 -0.04420
  -5.8 -0.29860  0.01199 -0.04409
  -5.7 -0.28940  0.01179 -0.04398
  -5.6 -0.28020  0.01159 -0.04386
  -5.5 -0.27100  0.01140 -0.04375
  -5.4 -0.26180  0.01121 -0.04364
  -5.3 -0.25260  0.01102 -0.04352
  -5.2 -0.24340  0.01085 -0.04341
  -5.1 -0.23420  0.01067 -0.04330
  -5.0 -0.22500  0.01050 -0.04318
  -4.9 -0.21580  0.01034 -0.04307
  -4.8 -0.20660  0.01018 -0.04295
  -4.7 -0.19740  0.01003 -0.04284
  -4.6 -0.18820  0.00988 -0.04273
  -4.5 -0.17900  0.00973 -0.04261
  -4.4 -0.16980  0.00959 -0.04250
  -4.3 -0.16060  0.00945 -0.04239
  -4.2 -0.15140  0.00932 -0.04227
  -4.1 -0.14220  0.00919 -0.04216
  -4.0 -0.13300  0.00907 -0.04205
  -3.9 -0.12380  0.00895 -0.04193
  -3.8 -0.11460  0.00884 -0.04182
  -3.7 -0.10540  0.00873 -0.04170
  -3.6 -0.09620  0.00862 -0.04159
  -3.5 -0.08700  0.00852 -0.04148
  -3.4 -0.07780  0.00842 -0.04136
  -3.3 -0.06860  0.00832 -0.04125
  -3.2 -0.05940  0.00823 -0.04114
  -3.1 -0.05020  0.00814 -0.04102
  -3.0 -0.04100  0.00806 -0.04091
  -2.9 -0.03180  0.00798 -0.04080
  -2.8 -0.02260  0.00790 -0.04068
  -2.7 -0.01340  0.00783 -0.04057
  -2.6 -0.00420  0.00775 -0.04045
  -2.5  0.00500  0.00769 -0.04034
  -2.4  0.01420  0.00762 -0.04023
  -2.3  0.02340  0.00756 -0.04011
  -2.2  0.03260  0.00749 -0.04000
  -2.1  0.04180  0.00743 -0.03989
  -2.0  0.05100  0.00737 -0.03977
  -1.9  0.06020  0.00731 -0.03966
  -1.8  0.06940  0.00725 -0.03955
  -1.7  0.07860  0.00719 -0.03943
  -1.6  0.08780  0.00714 -0.03932
  -1.5  0.09700  0.00708 -0.03920
  -1.4  0.10620  0.00702 -0.03909
  -1.3  0.11540  0.00697 -0.03898
  -1.2  0.12460  0.00692 -0.03886
  -1.1  0.13380  0.00686 -0.03875
  -1.0  0.14300  0.00681 -0.03864
  -0.9  0.15220  0.00676 -0.03852
  -0.8  0.16140  0.00671 -0.03841
  -0.7  0.17060  0.00665 -0.03830
  -0.6  0.17980  0.00660 -0.03818
  -0.5  0.18900  0.00655 -0.03807
  -0.4  0.19820  0.00650 -0.03795
  -0.3  0.20740  0.00645 -0.03784
  -0.2  0.21660  0.00640 -0.03773
  -0.1  0.22580  0.00636 -0.03761
   0.0  0.23500  0.00632 -0.03750
   0.1  0.24420  0.00628 -0.03739
   0.2  0.25340  0.00624 -0.03727
   0.3  0.26260  0.00621 -0.03716
   0.4  0.27180  0.00618 -0.03705
   0.5  0.28100  0.00615 -0.03693
   0.6  0.29020  0.00613 -0.03682
   0.7  0.29940  0.00611 -0.03670
   0.8  0.30860  0.00609 -0.03659
   0.9  0.31780  0.00607 -0.03648
   1.0  0.32700  0.00605 -0.03636
   1.1  0.33620  0.00604 -0.03625
   1.2  0.34540  0.00603 -0.03614
   1.3  0.35460  0.00602 -0.03602
   1.4  0.36380  0.00601 -0.03591
   1.5  0.37300  0.00601 -0.03580
   1.6  0.38220  0.00600 -0.03568
   1.7  0.39140  0.00600 -0.03557
   1.8  0.40060  0.00600 -0.03545
   1.9  0.40980  0.00601 -0.03534
   2.0  0.41900  0.00601 -0.03523
   2.1  0.42820  0.00602 -0.03511
   2.2  0.43740  0.00603 -0.03500
   2.3  0.44660  0.00604 -0.03489
   2.4  0.45580  0.00606 -0.03477
   2.5  0.46500  0.00608 -0.03466
   2.6  0.47420  0.00610 -0.03455
   2.7  0.48340  0.00612 -0.03443
   2.8  0.49260  0.00615 -0.03432
   2.9  0.50180  0.00618 -0.03420
   3.0  0.51100  0.00621 -0.03409
   3.1  0.52020  0.00625 -0.03398
   3.2  0.52940  0.00629 -0.03386
   3.3  0.53860  0.00633 -0.03375
   3.4  0.54780  0.00638 -0.03364
   3.5  0.55700  0.00643 -0.03352
   3.6  0.56620  0.00649 -0.03341
   3.7  0.57540  0.00655 -0.03330
   3.8  0.58460  0.00661 -0.03318
   3.9  0.59380  0.00668 -0.03307
   4.0  0.60300  0.00675 -0.03295
   4.1  0.61220  0.00682 -0.03284
   4.2  0.62140  0.00689 -0.03273
   4.3  0.63060  0.00696 -0.03261
   4.4  0.63980  0.00704 -0.03250
   4.5  0.64900  0.00711 -0.03239
   4.6  0.65820  0.00719 -0.03227
   4.7  0.66740  0.00727 -0.03216
   4.8  0.67660  0.00735 -0.03205
   4.9  0.68580  0.00743 -0.03193
   5.0  0.69500  0.00751 -0.03182
   5.1  0.70420  0.00759 -0.03170
   5.2  0.71340  0.00767 -0.03159
   5.3  0.72260  0.00776 -0.03148
   5.4  0.73180  0.00785 -0.03136
   5.5  0.74100  0.00793 -0.03125
   5.6  0.75020  0.00803 -0.03114
   5.7  0.75940  0.00812 -0.03102
   5.8  0.76860  0.00821 -0.03091
   5.9  0.77780  0.00831 -0.03080
   6.0  0.78700  0.00841 -0.03068
   6.1  0.79620  0.00851 -0.03057
   6.2  0.80540  0.00861 -0.03045
   6.3  0.81460  0.00872 -0.03034
   6.4  0.82380  0.00883 -0.03023
   6.5  0.83300  0.00894 -0.03011
   6.6  0.84220  0.00906 -0.03000
   6.7  0.85140  0.00918 -0.02989
   6.8  0.86060  0.00931 -0.02977
   6.9  0.86980  0.00944 -0.02966
   7.0  0.87900  0.00958 -0.02955
   7.1  0.88820  0.00972 -0.02943
   7.2  0.89740  0.00986 -0.02932
   7.3  0.90660  0.01001 -0.02920
   7.4  0.91580  0.01017 -0.02909
   7.5  0.92500  0.01033 -0.02898
   7.6  0.93420  0.01049 -0.02886
   7.7  0.94340  0.01066 -0.02875
   7.8  0.95260  0.01083 -0.02864
   7.9  0.96180  0.01101 -0.02852
   8.0  0.97100  0.01119 -0.02841
   8.1  0.98020  0.01138 -0.02830
   8.2  0.98940  0.01157 -0.02818
   8.3  0.99860  0.01177 -0.02807
   8.4  1.00780  0.01197 -0.02795
   8.5  1.01700  0.01218 -0.02784
   8.6  1.02620  0.01240 -0.02773
   8.7  1.03540  0.01262 -0.02761
   8.8  1.04460  0.01284 -0.02750
   8.9  1.05380  0.01307 -0.02739
   9.0  1.06300  0.01331 -0.02727
   9.1  1.07220  0.01355 -0.02716
   9.2  1.08140  0.01380 -0.02705
   9.3  1.09060  0.01406 -0.02693
   9.4  1.09980  0.01431 -0.02682
   9.5  1.10900  0.01458 -0.02670
   9.6  1.11820  0.01485 -0.02659
   9.7  1.12833  0.01513 -0.02648
   9.8  1.13822  0.01541 -0.02636
   9.9  1.14787  0.01570 -0.02625
  10.0  1.15727  0.01600 -0.02614
  10.1  1.16644  0.01630 -0.02602
  10.2  1.17536  0.01661 -0.02591
  10.3  1.18405  0.01693 -0.02580
  10.4  1.19251  0.01725 -0.02568
  10.5  1.20073  0.01758 -0.02557
  10.6  1.20872  0.01791 -0.02545
  10.7  1.21648  0.01825 -0.02534
  10.8  1.22401  0.01860 -0.02523
  10.9  1.23131  0.01896 -0.02511
  11.0  1.23838  0.01932 -0.02500
  11.1  1.24523  0.01969 -0.02556
  11.2  1.25186  0.02006 -0.02611
  11.3  1.25827  0.02045 -0.02667
  11.4  1.26446  0.02084 -0.02722
  11.5  1.27042  0.02123 -0.02778
  11.6  1.27618  0.02164 -0.02833
  11.7  1.28172  0.02205 -0.02889
  11.8  1.28704  0.02247 -0.02944
  11.9  1.29216  0.02289 -0.03000
  12.0  1.29707  0.02333 -0.03056
  12.1  1.30177  0.02377 -0.03111
  12.2  1.30626  0.02422 -0.03167
  12.3  1.31056  0.02467 -0.03222
  12.4  1.31465  0.02514 -0.03278
  12.5  1.31855  0.02561 -0.03333
  12.6  1.32225  0.02609 -0.03389
  12.7  1.32575  0.02658 -0.03444
  12.8  1.32907  0.02707 -0.03500
  12.9  1.33219  0.02757 -0.03556
  13.0  1.33513  0.02808 -0.03611
  13.1  1.33789  0.02860 -0.03667
  13.2  1.34046  0.02913 -0.03722
  13.3  1.34286  0.02967 -0.03778
  13.4  1.34508  0.03021 -0.03833
  13.5  1.34713  0.03076 -0.03889
  13.6  1.34901  0.03132 -0.03944
  13.7  1.35073  0.03189 -0.04000
  13.8  1.35228  0.03247 -0.04056
  13.9  1.35368  0.03305 -0.04111
  14.0  1.35492  0.03365 -0.04167
  14.1  1.35601  0.03425 -0.04222
  14.2  1.35695  0.03486 -0.04278
  14.3  1.35775  0.03548 -0.04333
  14.4  1.35842  0.03611 -0.04389
  14.5  1.35896  0.03675 -0.04444
  14.6  1.35938  0.03740 -0.04500
  14.7  1.35968  0.03805 -0.04556
  14.8  1.35987  0.03872 -0.04611
  14.9  1.35997  0.03939 -0.04667
  15.0  1.36000  0.04007 -0.04722
  15.1  1.35984  0.04325 -0.04778
  15.2  1.35930  0.04645 -0.04833
  15.3  1.35837  0.04967 -0.04889
  15.4  1.35702  0.05290 -0.04944
  15.5  1.35523  0.05615 -0.05000
  15.6  1.35301  0.05942 -0.05056
  15.7  1.35034  0.06270 -0.05111
  15.8  1.34721  0.06600 -0.05167
  15.9  1.34362  0.06932 -0.05222
  16.0  1.33957  0.07266 -0.05278
  16.1  1.33504  0.07601 -0.05333
  16.2  1.33004  0.07938 -0.05389
  16.3  1.32455  0.08276 -0.05444
  16.4  1.31858  0.08617 -0.05500
  16.5  1.31213  0.08959 -0.05556
  16.6  1.30518  0.09302 -0.05611
  16.7  1.29773  0.09648 -0.05667
  16.8  1.28979  0.09995 -0.05722
  16.9  1.28135  0.10343 -0.05778
  17.0  1.27241  0.10693 -0.05833
  17.1  1.26295  0.11045 -0.05889
  17.2  1.25300  0.11398 -0.05944
  17.3  1.24253  0.11753 -0.06000
  17.4  1.23154  0.12110 -0.06056
  17.5  1.22005  0.12468 -0.06111
  17.6  1.20803  0.12828 -0.06167
  17.7  1.19550  0.13189 -0.06222
  17.8  1.18244  0.13552 -0.06278
  17.9  1.16886  0.13917 -0.06333
  18.0  1.15476  0.14283 -0.06389
  18.1  1.14013  0.14650 -0.06444
  18.2  1.12497  0.15019 -0.06500
  18.3  1.10928  0.15390 -0.06556
  18.4  1.09306  0.15762 -0.06611
  18.5  1.07630  0.16136 -0.06667
  18.6  1.05901  0.16511 -0.06722
  18.7  1.04119  0.16887 -0.06778
  18.8  1.02282  0.17265 -0.06833
  18.9  1.00392  0.17645 -0.06889
  19.0  0.98447  0.18026 -0.06944
  19.1  0.96449  0.18408 -0.07000
  19.2  0.94396  0.18792 -0.07056
  19.3  0.92288  0.19177 -0.07111
  19.4  0.90126  0.19564 -0.07167
  19.5  0.87909  0.19952 -0.07222
  19.6  0.85638  0.20342 -0.07278
  19.7  0.83311  0.20733 -0.07333
  19.8  0.80929  0.21125 -0.07389
  19.9  0.78492  0.21519 -0.07444
  20.0  0.76000  0.21914 -0.07500
  21.0  0.71228  0.25936 -0.08491
  22.0  0.66475  0.30083 -0.09380
  23.0  0.61759  0.34343 -0.10175
  24.0  0.57100  0.38703 -0.10883
  25.0  0.52515  0.43150 -0.11514
  26.0  0.48023  0.47671 -0.12077
  27.0  0.43641  0.52250 -0.12582
  28.0  0.39387  0.56874 -0.13040
  29.0  0.35277  0.61525 -0.13461
  30.0  0.31328  0.66186 -0.13856
  31.0  0.27556  0.70840 -0.14234
  32.0  0.23974  0.75470 -0.14606
  33.0  0.20598  0.80055 -0.14981
  34.0  0.17441  0.84576 -0.15368
  35.0  0.14515  0.89012 -0.15775
  36.0  0.11831  0.93343 -0.16210
  37.0  0.09401  0.97547 -0.16678
  38.0  0.07233  1.01600 -0.17185
  39.0  0.05337  1.05481 -0.17734
  40.0  0.03720  1.09164 -0.18326
  41.0  0.02388  1.12626 -0.18962
  42.0  0.01346  1.15841 -0.19640
  43.0  0.00599  1.18783 -0.20355
  44.0  0.00150  1.21427 -0.21103
  45.0  0.00000  1.23744 -0.21875
  46.0  0.00000  1.24724 -0.22430
  47.0  0.00000  1.25667 -0.22977
  48.0  0.00000  1.26572 -0.23515
  49.0  0.00000  1.27438 -0.24045
  50.0  0.00000  1.28265 -0.24564
  51.0  0.00000  1.29053 -0.25073
  52.0  0.00000  1.29801 -0.25571
  53.0  0.00000  1.30511 -0.26058
  54.0  0.00000  1.31180 -0.26532
  55.0  0.00000  1.31810 -0.26993
  56.0  0.00000  1.32399 -0.27441
  57.0  0.00000  1.32948 -0.27875
  58.0  0.00000  1.33456 -0.28294
  59.0  0.00000  1.33924 -0.28699
  60.0  0.00000  1.34351 -0.29088
  61.0  0.00000  1.34737 -0.29461
  62.0  0.00000  1.35082 -0.29818
  63.0  0.00000  1.35386 -0.30158
  64.0  0.00000  1.35649 -0.30480
  65.0  0.00000  1.35870 -0.30785
  66.0  0.00000  1.36050 -0.31072
  67.0  0.00000  1.36189 -0.31341
  68.0  0.00000  1.36286 -0.31591
  69.0  0.00000  1.36342 -0.31821
  70.0  0.00000  1.36356 -0.32033
  71.0  0.00000  1.36328 -0.32225
  72.0  0.00000  1.36259 -0.32398
  73.0  0.00000  1.36148 -0.32550
  74.0  0.00000  1.35996 -0.32682
  75.0  0.00000  1.35803 -0.32794
  76.0  0.00000  1.35568 -0.32885
  77.0  0.00000  1.35292 -0.32956
  78.0  0.00000  1.34975 -0.33006
  79.0  0.00000  1.34616 -0.33036
  80.0  0.00000  1.34217 -0.33044
  81.0  0.00000  1.33777 -0.33032
  82.0  0.00000  1.33295 -0.33000
  83.0  0.00000  1.32774 -0.32946
  84.0  0.00000  1.32212 -0.32872
  85.0  0.00000  1.31609 -0.32777
  86.0  0.00000  1.30967 -0.32662
  87.0  0.00000  1.30284 -0.32526
  88.0  0.00000  1.29562 -0.32371
  89.0  0.00000  1.28801 -0.32195
  90.0 -0.00000  1.28000 -0.32000
  91.0 -0.00000  1.28801 -0.32195
  92.0 -0.00000  1.29562 -0.32371
  93.0 -0.00000  1.30284 -0.32526
  94.0 -0.00000  1.30967 -0.32662
  95.0 -0.00000  1.31609 -0.32777
  96.0 -0.00000  1.32212 -0.32872
  97.0 -0.00000  1.32774 -0.32946
  98.0 -0.00000  1.33295 -0.33000
  99.0 -0.00000  1.33777 -0.33032
 100.0 -0.00000  1.34217 -0.33044
 101.0 -0.00000  1.34616 -0.33036
 102.0 -0.00000  1.34975 -0.33006
 103.0 -0.00000  1.35292 -0.32956
 104.0 -0.00000  1.35568 -0.32885
 105.0 -0.00000  1.35803 -0.32794
 106.0 -0.00000  1.35996 -0.32682
 107.0 -0.00000  1.36148 -0.32550
 108.0 -0.00000  1.36259 -0.32398
 109.0 -0.00000  1.36328 -0.32225
 110.0 -0.00000  1.36356 -0.32033
 111.0 -0.00000  1.36342 -0.31821
 112.0 -0.00000  1.36286 -0.31591
 113.0 -0.00000  1.36189 -0.31341
 114.0 -0.00000  1.36050 -0.31072
 115.0 -0.00000  1.35870 -0.30785
 116.0 -0.00000  1.35649 -0.30480
 117.0 -0.00000  1.35386 -0.30158
 118.0 -0.00000  1.35082 -0.29818
 119.0 -0.00000  1.34737 -0.29461
 120.0 -0.00000  1.34351 -0.29088
 121.0 -0.00000  1.33924 -0.28699
 122.0 -0.00000  1.33456 -0.28294
 123.0 -0.00000  1.32948 -0.27875
 124.0 -0.00000  1.32399 -0.27441
 125.0 -0.00000  1.31810 -0.26993
 126.0 -0.00000  1.31180 -0.26532
 127.0 -0.00000  1.30511 -0.26058
 128.0 -0.00000  1.29801 -0.25571
 129.0 -0.00000  1.29053 -0.25073
 130.0 -0.00000  1.28265 -0.24564
 131.0 -0.00000  1.27438 -0.24045
 132.0 -0.00000  1.26572 -0.23515
 133.0 -0.00000  1.25667 -0.22977
 134.0 -0.00000  1.24724 -0.22430
 135.0  0.00000  1.23744 -0.21875
 136.0 -0.00057  1.22725 -0.21323
 137.0 -0.00229  1.21669 -0.20786
 138.0 -0.00514  1.20577 -0.20266
 139.0 -0.00911  1.19447 -0.19763
 140.0 -0.01419  1.18281 -0.19279
 141.0 -0.02036  1.17079 -0.18816
 142.0 -0.02760  1.15841 -0.18373
 143.0 -0.03587  1.14568 -0.17953
 144.0 -0.04514  1.13260 -0.17556
 145.0 -0.05539  1.11918 -0.17183
 146.0 -0.06655  1.10541 -0.16833
 147.0 -0.07860  1.09131 -0.16507
 148.0 -0.09148  1.07688 -0.16206
 149.0 -0.10515  1.06212 -0.15929
 150.0 -0.11954  1.04703 -0.15676
 151.0 -0.13461  1.03163 -0.15447
 152.0 -0.15029  1.01591 -0.15241
 153.0 -0.16652  0.99988 -0.15058
 154.0 -0.18324  0.98355 -0.14896
 155.0 -0.20039  0.96692 -0.14756
 156.0 -0.21788  0.94999 -0.14636
 157.0 -0.23566  0.93277 -0.14535
 158.0 -0.25365  0.91527 -0.14451
 159.0 -0.27179  0.89749 -0.14384
 160.0 -0.29000  0.87944 -0.14332
 161.0 -0.46753  0.86112 -0.18060
 162.0 -0.61281  0.84254 -0.21079
 163.0 -0.72648  0.82370 -0.23389
 164.0 -0.80933  0.80461 -0.24994
 165.0 -0.86241  0.78527 -0.25907
 166.0 -0.88725  0.76570 -0.26153
 167.0 -0.88781  0.74589 -0.25821
 168.0 -0.86289  0.72586 -0.24874
 169.0 -0.80266  0.70560 -0.23064
 170.0 -0.70127  0.68513 -0.20240
 171.0 -0.59300  0.66445 -0.17241
 172.0 -0.50100  0.64357 -0.14642
 173.0 -0.40900  0.62249 -0.12045
 174.0 -0.31700  0.60122 -0.09453
 175.0 -0.22500  0.57977 -0.06867
 176.0 -0.13300  0.55814 -0.04290
 177.0 -0.04100  0.53635 -0.01725
 178.0  0.05100  0.51438  0.00825
 179.0  0.14300  0.49227  0.03360
 180.0  0.23500  0.47000  0.05875
